{
 "cells": [
  {
   "cell_type": "markdown",
   "metadata": {},
   "source": [
    "# I. $LU$ factorization of a square matrix"
   ]
  },
  {
   "cell_type": "markdown",
   "metadata": {},
   "source": [
    "Consider a simple naive implementation of the LU decomposition. \n",
    "\n",
    "Note that we're using the `numpy` arrays to represent matrices [do **not** use `np.matrix`]."
   ]
  },
  {
   "cell_type": "code",
   "execution_count": 2,
   "metadata": {},
   "outputs": [],
   "source": [
    "import numpy as np\n",
    "\n",
    "def diy_lu(a):\n",
    "    \"\"\"Construct the LU decomposition of the input matrix.\n",
    "    \n",
    "    Naive LU decomposition: work column by column, accumulate elementary triangular matrices.\n",
    "    No pivoting.\n",
    "    \"\"\"\n",
    "    N = a.shape[0]\n",
    "    \n",
    "    u = a.copy()\n",
    "    L = np.eye(N)\n",
    "    for j in range(N-1):\n",
    "        lam = np.eye(N)\n",
    "        gamma = u[j+1:, j] / u[j, j]\n",
    "        lam[j+1:, j] = -gamma\n",
    "        u = lam @ u\n",
    "\n",
    "        lam[j+1:, j] = gamma\n",
    "        L = L @ lam\n",
    "    return L, u"
   ]
  },
  {
   "cell_type": "code",
   "execution_count": 3,
   "metadata": {},
   "outputs": [
    {
     "name": "stdout",
     "output_type": "stream",
     "text": [
      "6 \n",
      " [[3.         3.         3.         3.         3.         3.        ]\n",
      " [3.         1.875      1.36363636 1.07142857 0.88235294 0.75      ]\n",
      " [3.         1.36363636 0.88235294 0.65217391 0.51724138 0.42857143]\n",
      " [3.         1.07142857 0.65217391 0.46875    0.36585366 0.3       ]\n",
      " [3.         0.88235294 0.51724138 0.36585366 0.28301887 0.23076923]\n",
      " [3.         0.75       0.42857143 0.3        0.23076923 0.1875    ]]\n"
     ]
    }
   ],
   "source": [
    "# Now, generate a full rank matrix and test the naive implementation\n",
    "\n",
    "import numpy as np\n",
    "\n",
    "N = 6\n",
    "a = np.zeros((N, N), dtype=float)\n",
    "for i in range(N):\n",
    "    for j in range(N):\n",
    "        a[i, j] = 3. / (0.6*i*j + 1)\n",
    "\n",
    "print(np.linalg.matrix_rank(a),'\\n', a)"
   ]
  },
  {
   "cell_type": "code",
   "execution_count": 4,
   "metadata": {},
   "outputs": [],
   "source": [
    "# Tweak the printing of floating-point numbers, for clarity\n",
    "np.set_printoptions(precision=3)"
   ]
  },
  {
   "cell_type": "code",
   "execution_count": 5,
   "metadata": {},
   "outputs": [
    {
     "name": "stdout",
     "output_type": "stream",
     "text": [
      "[[1.    0.    0.    0.    0.    0.   ]\n",
      " [1.    1.    0.    0.    0.    0.   ]\n",
      " [1.    1.455 1.    0.    0.    0.   ]\n",
      " [1.    1.714 1.742 1.    0.    0.   ]\n",
      " [1.    1.882 2.276 2.039 1.    0.   ]\n",
      " [1.    2.    2.671 2.944 2.354 1.   ]] \n",
      "\n",
      "[[ 3.000e+00  3.000e+00  3.000e+00  3.000e+00  3.000e+00  3.000e+00]\n",
      " [ 0.000e+00 -1.125e+00 -1.636e+00 -1.929e+00 -2.118e+00 -2.250e+00]\n",
      " [ 0.000e+00  0.000e+00  2.625e-01  4.574e-01  5.975e-01  7.013e-01]\n",
      " [ 0.000e+00  1.110e-16  0.000e+00 -2.197e-02 -4.480e-02 -6.469e-02]\n",
      " [ 0.000e+00 -2.819e-16  0.000e+00  0.000e+00  8.080e-04  1.902e-03]\n",
      " [ 0.000e+00  3.369e-16  0.000e+00 -1.541e-18  2.168e-19 -1.585e-05]] \n",
      "\n",
      "[[ 0.000e+00  0.000e+00  0.000e+00  0.000e+00  0.000e+00  0.000e+00]\n",
      " [ 0.000e+00  0.000e+00  0.000e+00  0.000e+00  0.000e+00  0.000e+00]\n",
      " [ 0.000e+00  0.000e+00  0.000e+00  2.220e-16 -1.110e-16 -1.665e-16]\n",
      " [ 0.000e+00  0.000e+00  2.220e-16 -5.551e-17 -1.665e-16 -1.665e-16]\n",
      " [ 0.000e+00  0.000e+00 -1.110e-16  2.776e-16 -2.776e-16  5.551e-17]\n",
      " [ 0.000e+00  0.000e+00 -1.665e-16 -1.665e-16  5.551e-17  0.000e+00]]\n"
     ]
    }
   ],
   "source": [
    "L, u = diy_lu(a)\n",
    "\n",
    "print(L, \"\\n\")\n",
    "print(u, \"\\n\")\n",
    "\n",
    "# Quick sanity check: L times U must equal the original matrix, up to floating-point errors.\n",
    "print(L@u - a)"
   ]
  },
  {
   "cell_type": "markdown",
   "metadata": {},
   "source": [
    "# II. The need for pivoting"
   ]
  },
  {
   "cell_type": "markdown",
   "metadata": {},
   "source": [
    "Let's tweak the matrix a little bit, we only change a single element:"
   ]
  },
  {
   "cell_type": "code",
   "execution_count": 6,
   "metadata": {},
   "outputs": [],
   "source": [
    "a1 = a.copy()\n",
    "a1[1, 1] = 3"
   ]
  },
  {
   "cell_type": "markdown",
   "metadata": {},
   "source": [
    "Resulting matix still has full rank, but the naive LU routine breaks down."
   ]
  },
  {
   "cell_type": "code",
   "execution_count": 7,
   "metadata": {},
   "outputs": [
    {
     "data": {
      "text/plain": [
       "6"
      ]
     },
     "execution_count": 7,
     "metadata": {},
     "output_type": "execute_result"
    }
   ],
   "source": [
    "np.linalg.matrix_rank(a1)"
   ]
  },
  {
   "cell_type": "code",
   "execution_count": 8,
   "metadata": {},
   "outputs": [
    {
     "name": "stdout",
     "output_type": "stream",
     "text": [
      "[[nan nan nan nan nan nan]\n",
      " [nan nan nan nan nan nan]\n",
      " [nan nan nan nan nan nan]\n",
      " [nan nan nan nan nan nan]\n",
      " [nan nan nan nan nan nan]\n",
      " [nan nan nan nan nan nan]] [[nan nan nan nan nan nan]\n",
      " [nan nan nan nan nan nan]\n",
      " [nan nan nan nan nan nan]\n",
      " [nan nan nan nan nan nan]\n",
      " [nan nan nan nan nan nan]\n",
      " [nan nan nan nan nan nan]]\n"
     ]
    },
    {
     "name": "stderr",
     "output_type": "stream",
     "text": [
      "C:\\ProgramData\\Anaconda3\\lib\\site-packages\\ipykernel_launcher.py:15: RuntimeWarning: divide by zero encountered in true_divide\n",
      "  from ipykernel import kernelapp as app\n",
      "C:\\ProgramData\\Anaconda3\\lib\\site-packages\\ipykernel_launcher.py:15: RuntimeWarning: invalid value encountered in true_divide\n",
      "  from ipykernel import kernelapp as app\n"
     ]
    }
   ],
   "source": [
    "l, u = diy_lu(a1)\n",
    "\n",
    "print(l, u)"
   ]
  },
  {
   "cell_type": "markdown",
   "metadata": {},
   "source": [
    "### Test II.1\n",
    "\n",
    "For a naive LU decomposition to work, all leading minors of a matrix should be non-zero. Check if this requirement is satisfied for the two matrices `a` and `a1`.\n",
    "\n",
    "(20% of the grade)"
   ]
  },
  {
   "cell_type": "code",
   "execution_count": 11,
   "metadata": {},
   "outputs": [
    {
     "name": "stdout",
     "output_type": "stream",
     "text": [
      "Для матрицы a:  ok\n",
      "Для матрицы a1:  not ok, 2_th leading minor failed\n"
     ]
    }
   ],
   "source": [
    "# ... ENTER YOUR CODE HERE ...\n",
    "\n",
    "def check(A):\n",
    "    A = np.array(A)\n",
    "    for i in range(A.shape[0]):\n",
    "        if np.linalg.det(A[0:i,0:i]) == 0:\n",
    "            return f'not ok, {i}_th leading minor failed'        #смотрю квадратные слайсы матрицы, начиная просто с элемента [0,0]\n",
    "    return 'ok'\n",
    "\n",
    "print('Для матрицы a: ', check(a))\n",
    "print('Для матрицы a1: ', check(a1))"
   ]
  },
  {
   "cell_type": "markdown",
   "metadata": {},
   "source": [
    "### Test II.2\n",
    "\n",
    "Modify the `diy_lu` routine to implement column pivoting. Keep track of pivots, you can either construct a permutation matrix, or a swap array (your choice).\n",
    "\n",
    "(40% of the grade)\n",
    "\n",
    "Implement a function to reconstruct the original matrix from a decompositon. Test your routines on the matrices `a` and `a1`.\n",
    "\n",
    "(40% of the grade)"
   ]
  },
  {
   "cell_type": "code",
   "execution_count": 13,
   "metadata": {},
   "outputs": [
    {
     "name": "stdout",
     "output_type": "stream",
     "text": [
      "Matrix L1: \n",
      " [[1.    0.    0.    0.    0.    0.   ]\n",
      " [1.    1.    0.    0.    0.    0.   ]\n",
      " [1.    1.455 1.    0.    0.    0.   ]\n",
      " [1.    1.714 1.742 1.    0.    0.   ]\n",
      " [1.    1.882 2.276 2.039 1.    0.   ]\n",
      " [1.    2.    2.671 2.944 2.354 1.   ]] \n",
      "\n",
      " Matrix U1: \n",
      " [[ 3.000e+00  3.000e+00  3.000e+00  3.000e+00  3.000e+00  3.000e+00]\n",
      " [ 0.000e+00 -1.125e+00 -1.636e+00 -1.929e+00 -2.118e+00 -2.250e+00]\n",
      " [ 0.000e+00  0.000e+00  2.625e-01  4.574e-01  5.975e-01  7.013e-01]\n",
      " [ 0.000e+00  1.110e-16  0.000e+00 -2.197e-02 -4.480e-02 -6.469e-02]\n",
      " [ 0.000e+00 -2.819e-16  0.000e+00  0.000e+00  8.080e-04  1.902e-03]\n",
      " [ 0.000e+00  3.369e-16  0.000e+00 -1.541e-18  2.168e-19 -1.585e-05]] \n",
      "\n",
      " L1 @ U1:\n",
      "[[3.    3.    3.    3.    3.    3.   ]\n",
      " [3.    1.875 1.364 1.071 0.882 0.75 ]\n",
      " [3.    1.364 0.882 0.652 0.517 0.429]\n",
      " [3.    1.071 0.652 0.469 0.366 0.3  ]\n",
      " [3.    0.882 0.517 0.366 0.283 0.231]\n",
      " [3.    0.75  0.429 0.3   0.231 0.188]]\n",
      "\n",
      " Initial Matrix a: \n",
      " [[3.    3.    3.    3.    3.    3.   ]\n",
      " [3.    1.875 1.364 1.071 0.882 0.75 ]\n",
      " [3.    1.364 0.882 0.652 0.517 0.429]\n",
      " [3.    1.071 0.652 0.469 0.366 0.3  ]\n",
      " [3.    0.882 0.517 0.366 0.283 0.231]\n",
      " [3.    0.75  0.429 0.3   0.231 0.188]] \n",
      "\n",
      "\n",
      "\n",
      " -------------------------------------------------\n",
      "Matrix L2: \n",
      " [[ 1.     0.     0.     0.     0.     0.   ]\n",
      " [ 1.     1.     0.     0.     0.     0.   ]\n",
      " [ 1.     0.     1.     0.     0.     0.   ]\n",
      " [ 1.     1.179 -0.09   1.     0.     0.   ]\n",
      " [ 1.     1.294 -0.157  1.635  1.     0.   ]\n",
      " [ 1.     1.375 -0.208  2.07   2.082  1.   ]] \n",
      "\n",
      " Matrix U2: \n",
      " [[ 3.000e+00  3.000e+00  3.000e+00  3.000e+00  3.000e+00  3.000e+00]\n",
      " [ 0.000e+00 -1.636e+00 -2.118e+00 -2.348e+00 -2.483e+00 -2.571e+00]\n",
      " [ 0.000e+00  0.000e+00 -1.636e+00 -1.929e+00 -2.118e+00 -2.250e+00]\n",
      " [ 0.000e+00  1.391e-16  0.000e+00  6.143e-02  1.005e-01  1.272e-01]\n",
      " [ 0.000e+00 -3.795e-16  0.000e+00  0.000e+00 -1.830e-03 -3.810e-03]\n",
      " [ 0.000e+00  5.023e-16  0.000e+00  4.777e-18  0.000e+00  2.567e-05]] \n",
      "\n",
      " L2 @ U2:\n",
      "[[3.    3.    3.    3.    3.    3.   ]\n",
      " [3.    1.364 0.882 0.652 0.517 0.429]\n",
      " [3.    3.    1.364 1.071 0.882 0.75 ]\n",
      " [3.    1.071 0.652 0.469 0.366 0.3  ]\n",
      " [3.    0.882 0.517 0.366 0.283 0.231]\n",
      " [3.    0.75  0.429 0.3   0.231 0.188]]\n",
      "\n",
      " Initial Matrix a1: \n",
      " [[3.    3.    3.    3.    3.    3.   ]\n",
      " [3.    3.    1.364 1.071 0.882 0.75 ]\n",
      " [3.    1.364 0.882 0.652 0.517 0.429]\n",
      " [3.    1.071 0.652 0.469 0.366 0.3  ]\n",
      " [3.    0.882 0.517 0.366 0.283 0.231]\n",
      " [3.    0.75  0.429 0.3   0.231 0.188]]\n",
      "\n",
      " Properly permutated L2 @ U2 \n",
      " [[3.    3.    3.    3.    3.    3.   ]\n",
      " [3.    3.    1.364 1.071 0.882 0.75 ]\n",
      " [3.    1.364 0.882 0.652 0.517 0.429]\n",
      " [3.    1.071 0.652 0.469 0.366 0.3  ]\n",
      " [3.    0.882 0.517 0.366 0.283 0.231]\n",
      " [3.    0.75  0.429 0.3   0.231 0.188]]\n"
     ]
    }
   ],
   "source": [
    "# ... ENTER YOUR CODE HERE ...\n",
    "\n",
    "def diy_lu_mod(A): #modified\n",
    "    N = A.shape[0]\n",
    "    L = np.eye(N)\n",
    "    U = np.copy(A)\n",
    "    p = np.arange(N) #permutations, это будет также часть вывода, чтобы восстанавливать матрицы, хранит перестановки строк\n",
    "    for j in range(N-1):\n",
    "        lam = np.eye(N)\n",
    "        if U[j,j] == 0:                            #часть кода скопирована, добавлена только проверка неравенства нулю элемента\n",
    "            for i in range(j+1, N):\n",
    "                if U[i, j] != 0:\n",
    "                    U[[j, i], :] = U[[i, j], :]    #переставили нужные строчки, запомнили в виде вектора, который изначально был упорядоченным от 0 до N-1\n",
    "                    p[j] = i\n",
    "                    break\n",
    "        \n",
    "        gamma = U[j+1:, j] / U[j, j]\n",
    "        lam[j+1:, j] = -gamma\n",
    "        U = lam @ U\n",
    "\n",
    "        lam[j+1:, j] = gamma\n",
    "        L = L @ lam\n",
    "    return L, U, p\n",
    "\n",
    "L1, U1, p1 = diy_lu_mod(a)\n",
    "\n",
    "print('Matrix L1: \\n', L1, '\\n\\n Matrix U1: \\n', U1, '\\n\\n L1 @ U1:')\n",
    "print(L1 @ U1)       #quick sanity check? :)\n",
    "print('\\n Initial Matrix a: \\n', a, '\\n\\n\\n\\n -------------------------------------------------')\n",
    "\n",
    "\n",
    "#Остается научиться восстанавливать матрицу, все-таки с а нам повезло и перестановок там не было\n",
    "\n",
    "def reconstruct(L, U, p):\n",
    "    N = p.shape[0]\n",
    "    A = L @ U\n",
    "    for i in range(N):\n",
    "        if p[i] != i:\n",
    "            A[[i, p[i]], :] = A[[p[i], i], :] #меняю строчки, где необходимо\n",
    "    return(A)\n",
    "\n",
    "L2, U2, p2 = diy_lu_mod(a1)\n",
    "print('Matrix L2: \\n', L2, '\\n\\n Matrix U2: \\n', U2, '\\n\\n L2 @ U2:')\n",
    "print(L2 @ U2)\n",
    "print('\\n Initial Matrix a1: \\n', a1)\n",
    "print('\\n Properly permutated L2 @ U2 \\n', reconstruct(L2, U2, p2)) "
   ]
  },
  {
   "cell_type": "code",
   "execution_count": null,
   "metadata": {},
   "outputs": [],
   "source": []
  }
 ],
 "metadata": {
  "kernelspec": {
   "display_name": "Python 3",
   "language": "python",
   "name": "python3"
  },
  "language_info": {
   "codemirror_mode": {
    "name": "ipython",
    "version": 3
   },
   "file_extension": ".py",
   "mimetype": "text/x-python",
   "name": "python",
   "nbconvert_exporter": "python",
   "pygments_lexer": "ipython3",
   "version": "3.7.1"
  }
 },
 "nbformat": 4,
 "nbformat_minor": 2
}
